Q
291609.43
111237
0 65 7686.62
0 3 1770.29
0 6 69.05
0 73 989.51
0 47 3669.02
0 17 2613.37
0 91 8173.06
0 30 5321.83
65 3 454.35
65 6 2935.20
65 73 1239.56
65 47 2458.98
65 17 4031.46
65 91 1439.65
65 30 6959.20
3 6 8282.14
3 73 4195.81
3 47 7238.83
3 17 54.09
3 91 3329.16
3 30 3031.04
6 47 1584.97
6 17 5634.10
6 91 1645.06
6 30 4635.12
73 47 4948.31
73 17 9391.69
73 91 7790.05
73 30 4165.43
47 17 8413.81
47 30 4760.35
17 91 767.28
17 30 1806.74
91 30 6098.45
v
215805.33
1040451
64 35 2830.99
64 36 5370.12
64 40 5506.81
64 41 633.48
64 10 1170.03
64 88 610.64
64 61 9138.73
35 36 3236.04
35 40 8937.94
35 41 9104.20
35 10 1279.68
35 88 8664.18
35 61 9053.18
36 40 3210.85
36 41 112.92
36 10 6286.56
36 88 8920.08
36 61 6905.78
40 41 7037.37
40 10 4511.33
40 88 6273.34
40 61 9060.62
41 10 6962.18
41 88 1336.75
41 61 3995.50
10 88 5443.43
10 61 5413.63
88 61 5181.60
j
73625.12
1000091
98 36 1848.66
98 75 4316.06
98 52 562.93
98 85 2255.77
98 56 3842.73
98 4 9905.23
36 56 1829.13
36 52 2974.93
36 75 8148.00
36 4 1997.51
75 56 2691.04
75 52 2501.98
75 85 3811.18
52 85 7712.20
52 56 2803.10
52 4 8268.92
85 56 8725.65
K
63906.83
244866
56 24 4583.49
56 13 4574.09
24 13 9071.13
f
199979.28
327529
33 51 8894.79
33 67 8504.28
33 76 4739.45
33 62 3241.79
33 47 8371.29
67 76 3288.38
67 47 6721.42
67 51 4721.93
67 21 7055.96
67 87 3246.56
67 62 9627.74
76 47 2182.74
76 51 7215.73
76 21 3492.21
76 87 1545.84
76 62 8542.70
47 51 1091.63
47 21 2535.07
47 87 4622.88
47 62 5232.55
17 51 3428.98
17 62 1137.34
17 87 1520.90
51 62 4286.69
21 62 63.31
87 62 6120.64
i
221963.48
862778
97 89 6948.00
97 10 4055.95
97 35 8279.17
97 28 1673.69
97 86 7123.00
35 56 5110.94
35 94 5555.10
10 56 6318.55
10 28 9950.22
10 86 9407.14
13 89 6280.47
13 86 5777.80
13 94 4227.96
86 89 117.22
56 94 8811.97
89 28 2287.88
28 94 1665.40
D
11372.63
854149
40 81 8726.57
40 75 7328.45
40 91 2899.95
40 93 2070.10
40 13 5722.91
75 81 6008.17
75 91 7154.57
75 93 3658.20
75 13 2597.44
13 81 4761.62
13 91 2532.12
13 93 1934.28
81 91 4864.31
81 93 3990.97
91 93 7574.03
W
167054.96
143207
2 98 1.80
2 6 3960.80
2 8 7304.48
2 76 9421.25
2 16 1108.20
2 85 2358.21
2 55 8942.65
5 98 3680.77
5 6 4348.73
5 8 664.90
5 76 5395.22
5 16 5191.92
5 85 54.99
5 55 3575.48
5 90 2592.12
6 8 9164.48
6 76 8104.75
6 98 324.80
6 16 888.63
6 85 6163.90
6 55 7901.51
6 90 8292.20
8 98 6326.73
8 16 5105.88
8 85 8099.49
8 55 1836.97
8 90 1019.27
76 98 51.26
76 16 2859.52
76 85 9264.98
98 16 9784.54
98 85 4585.87
98 90 6587.41
16 85 6376.49
16 55 7285.96
85 55 6443.39
85 90 5909.45
V
234823.15
441404
32 89 7800.26
32 28 1227.50
32 46 8166.02
32 15 3671.34
37 72 2479.94
37 75 5065.45
37 15 4826.88
72 75 2438.05
72 28 6808.22
72 53 8017.64
72 15 3982.10
75 89 1704.31
75 27 53.57
75 15 2889.29
46 27 646.45
15 53 2240.02
15 89 3038.38
53 27 8897.90
c
220822.04
811045
32 33 1708.88
32 40 4744.46
32 12 2861.10
32 15 7354.39
32 56 7635.32
32 57 29.50
32 28 9851.78
33 40 4532.93
33 12 7331.39
33 15 8119.03
33 56 4827.88
33 57 1891.79
33 28 9814.60
40 12 5621.25
40 15 759.90
40 56 4254.53
40 57 9585.45
40 28 9086.75
12 15 5359.24
12 56 7535.39
12 57 1130.73
12 28 551.00
15 56 8642.51
15 57 7893.22
15 28 6347.31
56 57 9848.24
56 28 6598.80
57 28 9891.66
C
193212.10
476912
9 56 612.18
9 42 7683.10
9 27 1734.13
9 21 2216.21
42 56 1862.90
42 53 9070.10
42 88 3179.77
42 26 2322.87
42 21 7416.43
56 88 1613.05
56 27 7351.39
56 86 2115.13
53 88 7011.22
53 86 9834.40
86 26 7612.00
86 27 1547.73
86 21 9551.44
88 27 4349.58
26 27 5413.96
F
247219.73
51844
35 92 1834.97
35 79 5404.16
35 20 6381.93
35 73 282.64
72 73 7314.32
72 90 1991.91
72 12 3919.84
72 46 149.22
72 9 8203.92
73 9 4440.57
73 20 6245.93
73 79 2058.38
12 20 6271.21
12 79 7360.82
46 9 9788.05
46 90 6674.11
46 92 3218.25
79 90 9792.83
79 92 6136.62
20 90 3943.69
20 9 5589.03
9 92 508.84
k
11635.52
148254
65 1 8874.71
65 95 9213.17
65 54 4344.16
65 30 8243.33
65 7 7420.46
1 95 5462.94
1 54 9314.92
1 30 6247.19
1 7 9883.54
7 54 3290.14
7 30 9190.06
7 95 9005.78
54 95 1026.93
54 30 2446.52
30 95 6424.77
I
224660.85
130731
96 68 6439.36
96 73 3766.03
96 17 3570.47
96 84 200.79
96 59 8987.52
96 63 5908.92
68 73 9835.21
68 17 9049.39
68 84 2009.82
68 59 9114.56
68 63 7268.37
73 17 8960.78
73 84 6568.70
73 59 3902.29
73 63 8016.98
17 84 5098.23
17 59 4830.83
17 63 3837.49
84 59 1807.78
84 63 8329.96
59 63 7733.28
z
176446.12
737851
48 50 9797.05
48 91 9925.96
48 45 5356.01
50 91 6683.34
50 45 2723.74
91 45 9223.13
N
114731.57
715551
32 33 2300.11
32 99 372.14
32 70 673.47
32 46 1677.98
32 63 6728.54
32 61 6553.65
32 95 7844.00
33 70 6869.83
33 46 725.00
33 82 3995.75
33 95 9389.84
33 61 3730.82
33 63 4598.78
99 4 9584.82
99 70 6783.47
99 82 2425.01
99 61 3936.83
99 95 8152.21
4 82 7586.02
4 70 6790.18
4 63 2780.74
70 46 4151.25
70 82 2689.74
70 61 7220.03
46 82 358.41
46 61 3018.09
46 63 8021.31
82 63 1605.07
82 95 284.84
63 61 7867.27
61 95 1426.78
w
34658.16
428767
32 40 3394.61
32 9 3938.98
32 27 3184.35
32 36 6405.19
32 70 5582.47
36 40 2070.60
36 9 7936.67
36 27 7000.51
36 70 7310.81
70 40 7678.48
70 9 2496.24
70 27 6165.32
40 9 6481.31
40 27 1083.78
9 27 2450.36
e
188432.86
947902
1 16 1968.78
1 69 2015.74
1 23 1345.22
69 16 8864.29
69 75 5012.78
69 93 5589.79
69 27 9503.63
23 93 2905.16
y
227652.11
166953
72 97 7257.39
72 59 3733.13
72 93 8537.87
72 57 4343.18
97 57 7596.00
97 59 2979.60
97 93 6037.98
59 93 2892.59
59 57 5918.82
93 57 5391.64
O
220395.44
1031259
40 89 2697.89
40 35 3453.74
40 97 668.61
89 97 3592.69
89 35 272.46
35 97 5317.02
l
110229.32
682722
97 4 3661.65
97 14 3960.74
97 30 7196.19
97 63 1936.44
4 46 3579.28
4 63 4551.00
14 27 6555.36
14 50 8377.13
14 19 3102.53
14 63 3205.14
50 19 2978.70
50 46 8964.14
50 63 8119.87
19 46 767.57
46 27 9893.18
46 22 536.16
22 30 7939.28
27 63 1480.18
30 63 3190.38
p
135422.69
813459
98 38 2247.32
98 8 9043.10
98 10 1298.08
98 16 1086.60
98 54 4267.58
98 25 8216.47
98 58 270.39
38 8 2708.48
38 10 9005.79
38 16 1239.01
38 54 7933.28
38 58 5936.40
8 10 1561.42
8 16 726.95
8 54 1182.54
8 25 534.54
8 58 8799.87
10 16 6042.96
10 54 9711.25
10 25 3716.18
10 58 2429.19
16 54 8867.98
16 25 6327.92
54 25 8609.95
54 58 388.42
25 58 5731.20
u
273587.39
89709
64 84 8839.09
64 81 1148.88
64 91 2799.81
64 36 2422.79
81 84 3756.99
81 91 7654.41
81 36 6801.51
91 36 2393.12
91 84 9424.23
36 84 1250.67
m
43374.92
204200
38 92 4272.90
38 60 7670.86
38 87 8981.47
72 92 3646.90
72 60 6809.08
72 79 7125.93
60 87 1685.63
60 79 8126.95
79 92 5239.83
79 54 7493.13
79 87 8484.54
54 92 7558.10
87 92 9767.77
A
258313.80
798882
4 89 3675.92
4 54 1612.63
4 94 7314.13
4 45 8456.55
5 88 5137.64
5 89 2121.76
5 54 5777.08
5 94 1638.21
45 88 7905.87
45 54 4949.36
45 23 3022.15
54 23 5749.15
54 89 9628.69
54 94 6989.59
23 88 8499.87
23 89 6609.08
R
148281.47
136865
8 49 9958.91
8 26 1912.12
8 69 3329.42
8 93 673.07
49 26 7981.55
49 69 5245.43
49 93 7109.23
26 69 8380.30
26 93 8726.58
69 93 7921.08
J
150884.18
740633
16 82 245.08
16 13 8467.53
82 13 2394.69
x
294929.27
595085
7 81 7489.75
7 63 3855.31
7 61 9174.87
7 46 8801.05
7 29 4504.20
46 48 6754.70
46 88 5338.54
46 60 1785.27
61 81 8284.59
48 88 8581.56
48 63 2693.46
81 63 2572.48
81 60 5534.85
88 60 9174.18
29 63 721.35
h
159883.23
563169
35 49 1133.64
35 83 6498.90
35 52 9563.63
35 38 9961.71
35 6 337.45
6 49 1457.21
6 83 2654.51
6 52 8464.67
6 38 7351.71
38 49 2970.62
38 83 8155.71
38 52 7633.68
49 83 6508.47
49 52 7274.42
83 52 3863.80
a
162355.56
48008
17 67 5714.68
17 46 8668.95
17 95 6414.46
67 46 9122.92
67 95 6129.29
46 95 8918.76
o
97207.16
347053
64 90 4946.61
64 67 1860.62
64 85 3906.38
66 90 3265.47
66 85 7997.29
44 93 4308.53
93 89 3807.09
16 89 5271.63
16 85 7024.08
85 89 645.72
85 58 4410.24
89 58 819.47
P
280771.10
148507
96 66 6958.13
96 4 2204.91
96 54 4258.68
96 86 5598.51
66 6 2205.11
4 88 7535.34
86 54 4596.31
86 63 2030.57
6 54 4180.95
6 63 9971.82
15 54 1568.57
54 23 9411.44
Y
278743.67
1024418
4 81 1222.42
4 42 2699.73
4 76 6183.86
4 93 7074.10
6 93 3620.80
12 42 7378.96
12 31 4682.24
42 76 4306.96
42 81 9887.89
L
86301.67
324117
98 18 1338.20
98 20 2908.13
20 18 2081.58
G
120275.23
44447
98 45 5538.53
98 21 4936.25
45 21 3238.37